2 16 0 0   0 15 3 0   6 0 1 0   0 0 0 0 
0 3 10 12   9 0 0 0   0 4 0 0   0 0 0 11 
0 0 9 4   0 0 0 5   0 0 3 13   0 0 0 1 
6 0 0 0   0 7 16 2   0 8 10 0   0 0 0 0 
                           
0 0 14 9   0 3 0 0   0 0 0 16   0 0 0 0 
0 0 0 0   0 0 0 7   0 0 0 1   13 0 0 5 
5 6 0 2   14 16 1 0   15 0 12 0   0 11 0 4 
0 0 12 8   11 2 0 9   13 0 14 4   10 0 6 0 
                           
0 7 0 6   16 8 0 12   14 0 4 2   5 10 0 0 
10 0 13 0   0 1 0 4   0 5 15 11   16 0 12 2 
16 0 0 11   3 0 0 0   7 0 0 0   0 0 0 0 
0 0 0 0   10 0 0 0   0 0 16 0   7 4 0 0 
                           
0 0 0 0   0 12 4 0   11 7 9 0   0 0 0 8 
1 0 0 0   2 11 0 0   10 0 0 0   12 5 0 0 
12 0 0 0   0 0 6 0   0 0 0 3   11 16 1 0 
0 0 0 0   0 10 0 15   0 16 6 0   0 0 7 14
